102 70
101 80
102 90
103 100
107 110
113 118
121 125
130 130
140 131
149 130
157 125
164 118
170 110
173 101
176 91
178 81
178 72
113 57
119 54
126 54
132 55
137 58
153 58
159 56
165 55
171 56
174 61
145 68
145 76
145 83
145 91
136 96
140 97
144 99
147 98
151 97
118 68
123 65
129 65
133 70
128 70
122 70
154 71
159 66
165 66
169 70
165 72
159 72
125 106
133 106
138 105
142 106
146 106
151 107
156 108
150 112
146 113
141 113
137 113
132 111
128 107
138 109
142 110
146 109
154 109
146 109
142 110
138 109
