147 96
151 117
156 137
162 156
171 173
186 187
203 200
222 210
242 212
262 206
277 192
290 177
300 161
306 143
308 125
309 106
308 86
167 83
179 74
195 69
213 68
228 73
243 72
256 67
271 65
286 68
297 76
236 87
237 102
239 117
241 133
223 141
232 143
240 145
248 142
255 138
185 95
194 90
204 89
213 94
204 95
194 96
254 91
264 85
273 84
282 87
274 90
265 91
203 158
218 157
231 154
240 156
248 153
260 154
272 153
261 165
250 171
241 173
232 172
219 168
208 159
231 162
240 163
249 161
267 156
249 160
240 162
232 162
