219 248
217 274
219 298
224 321
233 343
247 361
261 378
278 395
298 403
322 403
347 392
369 376
390 357
406 335
416 309
424 282
428 254
229 228
242 220
258 221
273 226
287 234
326 235
346 230
368 228
388 231
405 241
307 256
305 278
304 299
302 321
283 324
292 330
302 335
314 332
325 329
244 246
256 241
270 243
281 256
268 255
254 254
341 260
355 251
370 251
382 258
370 263
356 263
270 343
283 345
294 346
302 350
312 349
325 351
342 353
324 361
310 364
299 363
290 360
281 353
275 346
293 352
301 355
311 355
336 353
310 353
300 353
292 350
