217 128
219 147
222 167
227 185
233 202
243 216
257 228
273 237
291 240
308 237
324 228
336 215
344 200
350 182
354 165
356 147
357 130
229 103
239 94
252 92
266 92
279 98
303 98
316 94
329 93
342 96
351 105
291 116
291 130
291 143
291 156
278 168
284 170
291 171
297 170
304 167
242 121
250 115
261 115
270 122
260 124
250 124
311 123
320 116
330 116
339 122
331 125
320 125
267 195
275 185
284 180
291 182
297 181
306 186
314 196
306 205
298 209
291 210
283 209
274 205
272 195
284 190
291 190
297 190
309 195
297 196
291 196
284 196
