185 292
187 333
196 373
208 411
223 446
246 478
279 500
322 511
368 512
411 504
446 487
472 462
492 430
503 389
507 348
508 304
504 261
202 239
217 215
243 205
272 206
299 212
362 208
387 195
415 188
443 193
466 209
337 247
341 269
345 291
349 314
318 355
334 355
349 356
363 351
377 346
233 271
249 260
271 256
293 265
273 274
251 277
383 255
403 242
423 240
442 248
426 255
405 257
296 416
316 394
334 380
352 382
368 376
390 385
411 404
394 415
373 420
356 422
338 423
319 423
307 412
336 401
353 399
369 398
402 403
370 399
354 400
338 401
